190916041 -97
190916042
190916043 -85
190916044
190916045
190916046
190916047
190916048 -54
190916049
190916050
190916051
190916052
190916053 -24
190916054
190916055
190916056
190916057
190917001
190917002  +12


190912156  -24
190912157
190912158
190912159
190912160 +00
190912161
190912162 +12
190912163
190912164 +24
190912165 +30
190912166
190912167
190912168
190912169
190912170
190913001
190913002
190913003
190913004 +93

190918134 -85
190918135
190918136
190918137
190918138
190918139
190918140
190918141
190918142
190918143
190918144
190918145
190918146
190918147
190918148
190918149
190918150
190918151
190918152
190918153
190918154
190918155
190919001
190919002
190919003
190919004
190919005
190919006
190919007 +93